43
private_T1894_concoct_bin_66                          0.0000000 0.8910688 0.8834600 1.1349813 0.8803485 0.9295374 0.1125391 0.9254049 0.8828203 0.4633949 0.4724155 0.2427656 0.8863661 1.6707343 1.4740051 0.8904082 0.8710528 0.8917853 0.2647620 0.9018267 0.2376524 0.8670621 0.8747649 0.9544492 1.1529961 0.8776206 0.9198996 0.8940676 1.4626431 0.8722678 1.0109699 0.8708887 0.8885430 0.8701570 0.1130468 0.4619184 0.4779969 0.9010507 0.9668724 1.4189546 1.2121822 0.9398480 1.1492830 
private_X10_concoct_bin_7                             0.8910688 0.0000000 0.2191782 1.0939175 0.2118593 0.9435606 0.8995764 0.3884261 0.2194295 0.8247557 0.8270054 0.9112188 0.3248639 1.6520625 1.4201486 0.1692771 0.2138659 0.3476359 0.9169649 0.1623951 0.9127427 0.2137134 0.2167932 0.3222102 1.1211732 0.2206859 0.2931349 0.1662128 1.4338946 0.2130217 0.9794397 0.2141571 0.3450680 0.2185433 0.8860109 0.8231787 0.8303267 0.6840496 0.9525222 1.4201206 1.1841938 0.9523360 1.1267727 
public_SRR7232213_concoct_bin_0                       0.8834600 0.2191782 0.0000000 1.1001002 0.1740126 0.9585768 0.8831851 0.3667756 0.0419167 0.8134366 0.8019521 0.9061380 0.3207997 1.6356722 1.4037300 0.2258328 0.1719211 0.3371692 0.8994817 0.2307645 0.8925469 0.1746763 0.1741376 0.3132973 1.1013725 0.1815785 0.2704598 0.2283769 1.4332441 0.1728460 0.9720304 0.1724798 0.3307551 0.0409784 0.8670465 0.8269994 0.8274942 0.6913375 0.9871504 1.4328967 1.1796333 0.9346578 1.1175075 
GCF_000143455_1_v1_0_genomic                          1.1349813 1.0939175 1.1001002 0.0000000 1.0857559 1.1927363 1.1346506 1.1218118 1.0858166 1.0777494 1.0701455 1.1466105 1.1103455 1.7149133 1.4186413 1.1031121 1.0884865 1.0971311 1.1531759 1.1008856 1.1411946 1.0734048 1.0777575 1.1336458 0.7878342 1.0821040 1.1410439 1.1209237 1.4995459 1.0921967 1.0922358 1.0826440 1.1128328 1.1019066 1.1040469 1.0787332 1.0863052 1.1163771 1.2421194 1.4983645 1.3156238 1.1873050 1.1898491 
private_T1904_concoct_bin_38                          0.8803485 0.2118593 0.1740126 1.0857559 0.0000000 0.9392136 0.8795540 0.3734526 0.1729574 0.7969727 0.8064262 0.8832621 0.3138039 1.6379686 1.4075168 0.2223712 0.0534518 0.3285987 0.9056325 0.2225602 0.8909677 0.0645072 0.0622749 0.3043929 1.0884161 0.0730650 0.2771049 0.2211485 1.4345032 0.1319508 0.9775515 0.1319015 0.3346721 0.1734953 0.8717651 0.8129815 0.8211110 0.6819441 0.9558567 1.4331374 1.1656661 0.9357993 1.1173339 
public_SRR14722177_metabat2_bin_9                     0.9295374 0.9435606 0.9585768 1.1927363 0.9392136 0.0000000 0.9926775 1.0090635 0.9687835 0.8907455 0.8906320 0.9727311 0.9664143 1.7514467 1.5468240 0.9565847 0.9415133 0.9915379 0.9954569 0.9656318 0.9822553 0.9448249 0.9421800 1.0399375 1.2361993 0.9281445 1.0413392 0.9888327 1.5351798 0.9280037 1.1129766 0.9365880 0.9779616 0.9618689 0.9442536 0.8814304 0.9061671 0.9849047 1.0438122 1.5378954 1.3056518 0.4740183 1.3201442 
public_SRR14722042_metabat2_bin_4                     0.1125391 0.8995764 0.8831851 1.1346506 0.8795540 0.9926775 0.0000000 0.9496700 0.8810396 0.4834195 0.4834237 0.2809869 0.9088650 1.6980681 1.4351697 0.8650243 0.8938591 0.8906681 0.3264191 0.9053935 0.2757699 0.8957448 0.8767609 0.9425671 1.1635370 0.8788059 0.9673727 0.9147278 1.4083630 0.8876169 1.0029055 0.8793858 0.9083312 0.8914444 0.1499673 0.4770608 0.5029647 0.9278098 0.9475408 1.4411645 1.1950048 0.9386279 1.1781784 
public_SRR1532736_concoct_bin_20                      0.9254049 0.3884261 0.3667756 1.1218118 0.3734526 1.0090635 0.9496700 0.0000000 0.3689265 0.8576036 0.8797134 0.9381642 0.2044816 1.6414460 1.4275032 0.3743445 0.3703314 0.2089210 1.0028189 0.3870320 0.9516355 0.3756339 0.3584215 0.4504748 1.1558566 0.3755206 0.4346393 0.3976991 1.3913883 0.3636770 1.0252074 0.3699660 0.2737882 0.3728619 0.9305393 0.8836347 0.8665978 0.7221332 0.9911357 1.4494164 1.1592936 0.9999186 1.1677526 
public_SRR7232214_concoct_bin_9                       0.8828203 0.2194295 0.0419167 1.0858166 0.1729574 0.9687835 0.8810396 0.3689265 0.0000000 0.8172857 0.8165429 0.9036219 0.3209951 1.6439185 1.4105982 0.2220748 0.1705727 0.3375789 0.9143214 0.2272037 0.8867324 0.1786902 0.1787427 0.3040046 1.1112777 0.1777462 0.2686069 0.2274876 1.4542587 0.1685937 0.9757946 0.1695966 0.3311409 0.0418099 0.8816346 0.8194750 0.8170268 0.6968918 0.9773657 1.4457189 1.1920528 0.9282829 1.1202055 
GCF_000258705_1_Coccomyxa_subellipsoidae_v2_0_genomic 0.4633949 0.8247557 0.8134366 1.0777494 0.7969727 0.8907455 0.4834195 0.8576036 0.8172857 0.0000000 0.1749787 0.4807904 0.8115428 1.6457770 1.4219719 0.8208758 0.8048856 0.8333866 0.4957706 0.8278942 0.4785329 0.7877250 0.8176233 0.8672215 1.0754828 0.8229658 0.8645996 0.8364939 1.4239344 0.8030666 0.9481112 0.8129849 0.8358740 0.8193806 0.4563596 0.1209403 0.1304769 0.8674908 0.9124160 1.4120947 1.2053486 0.8676529 1.0952244 
public_SRR11456915_concoct_bin_5                      0.4724155 0.8270054 0.8019521 1.0701455 0.8064262 0.8906320 0.4834237 0.8797134 0.8165429 0.1749787 0.0000000 0.4853430 0.8285338 1.6315083 1.3937841 0.8346566 0.8097910 0.8365711 0.5165672 0.8194148 0.4859805 0.8225636 0.8213275 0.8878221 1.1092266 0.8060878 0.8681475 0.8168312 1.4394780 0.8136437 0.9543022 0.8060176 0.8311463 0.8035198 0.4675839 0.1726293 0.1848146 0.8645279 0.9202448 1.3938158 1.1722812 0.8865881 1.1044533 
public_SRR14722135_metabat2_bin_5                     0.2427656 0.9112188 0.9061380 1.1466105 0.8832621 0.9727311 0.2809869 0.9381642 0.9036219 0.4807904 0.4853430 0.0000000 0.9036822 1.6876633 1.4601697 0.9142993 0.8909293 0.9052647 0.1584444 0.9138423 0.0705713 0.8973536 0.9063833 0.9888581 1.1880817 0.8839710 0.9439578 0.9221915 1.5061251 0.8944564 1.0097895 0.8840282 0.9109338 0.8953520 0.2425210 0.4748394 0.5007163 0.9224831 0.9809976 1.4911774 1.2475676 0.9487060 1.2033693 
private_X2_concoct_bin_1                              0.8863661 0.3248639 0.3207997 1.1103455 0.3138039 0.9664143 0.9088650 0.2044816 0.3209951 0.8115428 0.8285338 0.9036822 0.0000000 1.6519125 1.4227679 0.3338399 0.3195895 0.0645041 0.8908910 0.3346915 0.9045361 0.3219757 0.3188892 0.4239809 1.1148966 0.3253687 0.3827394 0.3382009 1.4534527 0.3105016 0.9609389 0.3106858 0.2234242 0.3144212 0.8809301 0.8301634 0.8236310 0.6912477 0.9938833 1.4153720 1.1868888 0.9478787 1.1363596 
GCF_002220235_1_ASM222023v1_genomic                   1.6707343 1.6520625 1.6356722 1.7149133 1.6379686 1.7514467 1.6980681 1.6414460 1.6439185 1.6457770 1.6315083 1.6876633 1.6519125 0.0000000 1.9199382 1.6533932 1.6368415 1.6552363 1.7699884 1.6588295 1.7226872 1.5966265 1.6214403 1.6649393 1.7556742 1.6097711 1.6427712 1.6334338 1.7381555 1.6476743 1.6989737 1.6278386 1.6529026 1.6320739 1.6794331 1.6668599 1.6456899 1.7148231 1.7090230 1.7238335 1.7382321 1.7529521 1.7190337 
GCA_900538255_1_Ulvmu_WT_fa_genomic                   1.4740051 1.4201486 1.4037300 1.4186413 1.4075168 1.5468240 1.4351697 1.4275032 1.4105982 1.4219719 1.3937841 1.4601697 1.4227679 1.9199382 0.0000000 1.3843877 1.4150434 1.4133708 1.5348169 1.4053943 1.4933207 1.4256060 1.4024866 1.4493085 1.4396008 1.4209452 1.4433408 1.4616590 1.8089034 1.4016661 1.4031333 1.4108464 1.4287941 1.4162071 1.4485143 1.4267479 1.4130482 1.4408606 1.5448478 1.7867932 1.5410899 1.4826428 1.4910012 
private_X11_concoct_bin_15                            0.8904082 0.1692771 0.2258328 1.1031121 0.2223712 0.9565847 0.8650243 0.3743445 0.2220748 0.8208758 0.8346566 0.9142993 0.3338399 1.6533932 1.3843877 0.0000000 0.2221966 0.3606734 0.9220056 0.1839010 0.9195926 0.2234869 0.2303349 0.3305809 1.0999821 0.2258746 0.3016368 0.1225254 1.4177333 0.2183615 0.9731025 0.2194931 0.3472552 0.2237043 0.8823988 0.8239352 0.8345073 0.6951577 0.9687672 1.4078099 1.1665238 0.9373203 1.1264766 
private_X1_metabat2_bin_11                            0.8710528 0.2138659 0.1719211 1.0884865 0.0534518 0.9415133 0.8938591 0.3703314 0.1705727 0.8048856 0.8097910 0.8909293 0.3195895 1.6368415 1.4150434 0.2221966 0.0000000 0.3416381 0.9121869 0.2239323 0.8978460 0.0669972 0.0638489 0.3054645 1.1158294 0.0766540 0.2693317 0.2235191 1.4224443 0.1359332 0.9719273 0.1331797 0.3331821 0.1721142 0.8573369 0.8217222 0.8156652 0.6864727 0.9786849 1.4263481 1.1988389 0.9404746 1.1408189 
public_SRR13125477_metabat2_bin_13                    0.8917853 0.3476359 0.3371692 1.0971311 0.3285987 0.9915379 0.8906681 0.2089210 0.3375789 0.8333866 0.8365711 0.9052647 0.0645041 1.6552363 1.4133708 0.3606734 0.3416381 0.0000000 0.9446154 0.3547784 0.8949641 0.3491347 0.3432355 0.4217993 1.1145544 0.3556138 0.3938512 0.3592398 1.4260522 0.3296944 0.9852459 0.3302569 0.2500472 0.3355556 0.8943681 0.8380957 0.8526860 0.7213717 0.9942662 1.4218044 1.2040874 0.9503418 1.1652259 
public_SRR14722152_metabat2_bin_2                     0.2647620 0.9169649 0.8994817 1.1531759 0.9056325 0.9954569 0.3264191 1.0028189 0.9143214 0.4957706 0.5165672 0.1584444 0.8908910 1.7699884 1.5348169 0.9220056 0.9121869 0.9446154 0.0000000 0.9281933 0.1382554 0.9045629 0.9056040 1.0483440 1.2040097 0.9351391 1.0031251 0.9495043 1.5489685 0.8960529 1.0201761 0.9024035 0.9208287 0.9105443 0.2622079 0.5070340 0.5088609 0.9476850 0.9861958 1.4970433 1.2428153 0.9735303 1.2225125 
private_T1912_concoct_bin_0                           0.9018267 0.1623951 0.2307645 1.1008856 0.2225602 0.9656318 0.9053935 0.3870320 0.2272037 0.8278942 0.8194148 0.9138423 0.3346915 1.6588295 1.4053943 0.1839010 0.2239323 0.3547784 0.9281933 0.0000000 0.9052128 0.2258585 0.2272463 0.3343088 1.0954822 0.2275445 0.3144863 0.1803023 1.4510826 0.2208711 0.9849880 0.2181067 0.3504064 0.2236568 0.8599890 0.8244282 0.8397247 0.6994514 0.9730226 1.4560474 1.1920700 0.9453550 1.1440212 
private_T1889_concoct_bin_16                          0.2376524 0.9127427 0.8925469 1.1411946 0.8909677 0.9822553 0.2757699 0.9516355 0.8867324 0.4785329 0.4859805 0.0705713 0.9045361 1.7226872 1.4933207 0.9195926 0.8978460 0.8949641 0.1382554 0.9052128 0.0000000 0.9007223 0.8943128 0.9828629 1.1786854 0.9063882 0.9584302 0.9228912 1.5176090 0.8941415 1.0298057 0.9027427 0.9282997 0.9020197 0.2347330 0.4749191 0.4909426 0.9238998 0.9962027 1.4883479 1.2515821 0.9544065 1.2024603 
public_SRR7232211_concoct_bin_8                       0.8670621 0.2137134 0.1746763 1.0734048 0.0645072 0.9448249 0.8957448 0.3756339 0.1786902 0.7877250 0.8225636 0.8973536 0.3219757 1.5966265 1.4256060 0.2234869 0.0669972 0.3491347 0.9045629 0.2258585 0.9007223 0.0000000 0.0701232 0.3074166 1.0912895 0.0741935 0.2762125 0.2216391 1.4318403 0.1358538 0.9705257 0.1338933 0.3339175 0.1759544 0.8692766 0.8080678 0.8318447 0.6996848 0.9733684 1.4235567 1.1966005 0.9523132 1.1357081 
public_SRR5808932_metabat2_bin_2                      0.8747649 0.2167932 0.1741376 1.0777575 0.0622749 0.9421800 0.8767609 0.3584215 0.1787427 0.8176233 0.8213275 0.9063833 0.3188892 1.6214403 1.4024866 0.2303349 0.0638489 0.3432355 0.9056040 0.2272463 0.8943128 0.0701232 0.0000000 0.2927238 1.0906333 0.0805063 0.2813608 0.2293331 1.4355147 0.1365785 0.9649743 0.1351076 0.3355246 0.1777010 0.8907254 0.8203526 0.8125091 0.6848312 0.9723465 1.4626790 1.1749128 0.9429368 1.1199549 
public_SRR14722120_metabat2_bin_4                     0.9544492 0.3222102 0.3132973 1.1336458 0.3043929 1.0399375 0.9425671 0.4504748 0.3040046 0.8672215 0.8878221 0.9888581 0.4239809 1.6649393 1.4493085 0.3305809 0.3054645 0.4217993 1.0483440 0.3343088 0.9828629 0.3074166 0.2927238 0.0000000 1.1719825 0.2992013 0.1703445 0.3427620 1.4365172 0.3029865 1.0424974 0.3101515 0.4400308 0.3112999 0.9549448 0.8974075 0.8945760 0.7741841 1.0121774 1.5099167 1.2369580 1.0424049 1.1961379 
GCA_002335675_1_C_eustigma_genome_v1_0_genomic        1.1529961 1.1211732 1.1013725 0.7878342 1.0884161 1.2361993 1.1635370 1.1558566 1.1112777 1.0754828 1.1092266 1.1880817 1.1148966 1.7556742 1.4396008 1.0999821 1.1158294 1.1145544 1.2040097 1.0954822 1.1786854 1.0912895 1.0906333 1.1719825 0.0000000 1.1116057 1.1669039 1.1254550 1.5248262 1.1046407 1.1271422 1.0864386 1.1390611 1.0897165 1.1393251 1.1069083 1.1197258 1.1521433 1.2608280 1.5217798 1.3215081 1.2214539 1.2205756 
public_SRR2387885_metabat2_bin_2                      0.8776206 0.2206859 0.1815785 1.0821040 0.0730650 0.9281445 0.8788059 0.3755206 0.1777462 0.8229658 0.8060878 0.8839710 0.3253687 1.6097711 1.4209452 0.2258746 0.0766540 0.3556138 0.9351391 0.2275445 0.9063882 0.0741935 0.0805063 0.2992013 1.1116057 0.0000000 0.2769441 0.2310851 1.4284330 0.1400777 0.9802901 0.1407341 0.3355961 0.1819444 0.8766601 0.8124908 0.8202987 0.6909087 0.9779204 1.4026664 1.1713023 0.9352196 1.1112089 
public_SRR14722116_metabat2_bin_5                     0.9198996 0.2931349 0.2704598 1.1410439 0.2771049 1.0413392 0.9673727 0.4346393 0.2686069 0.8645996 0.8681475 0.9439578 0.3827394 1.6427712 1.4433408 0.3016368 0.2693317 0.3938512 1.0031251 0.3144863 0.9584302 0.2762125 0.2813608 0.1703445 1.1669039 0.2769441 0.0000000 0.3062682 1.4504237 0.2682599 1.0177981 0.2737271 0.3922790 0.2775782 0.9193162 0.8761184 0.8734897 0.7541670 1.0173230 1.4585604 1.2058234 0.9968316 1.2086085 
private_T1882_metabat2_merged_0                       0.8940676 0.1662128 0.2283769 1.1209237 0.2211485 0.9888327 0.9147278 0.3976991 0.2274876 0.8364939 0.8168312 0.9221915 0.3382009 1.6334338 1.4616590 0.1225254 0.2235191 0.3592398 0.9495043 0.1803023 0.9228912 0.2216391 0.2293331 0.3427620 1.1254550 0.2310851 0.3062682 0.0000000 1.4406281 0.2195103 0.9825765 0.2230055 0.3490278 0.2256940 0.8846672 0.8313609 0.8224124 0.6971304 0.9734227 1.4556086 1.2017346 0.9531109 1.1448485 
GCA_007859695_1_ASM785969v1_genomic                   1.4626431 1.4338946 1.4332441 1.4995459 1.4345032 1.5351798 1.4083630 1.3913883 1.4542587 1.4239344 1.4394780 1.5061251 1.4534527 1.7381555 1.8089034 1.4177333 1.4224443 1.4260522 1.5489685 1.4510826 1.5176090 1.4318403 1.4355147 1.4365172 1.5248262 1.4284330 1.4504237 1.4406281 0.0000000 1.4058452 1.4528467 1.4502607 1.4445726 1.4219125 1.4668087 1.4354440 1.4227779 1.4774482 1.5231166 1.5874121 1.5666479 1.5525626 1.4711894 
private_TS1974_concoct_bin_29                         0.8722678 0.2130217 0.1728460 1.0921967 0.1319508 0.9280037 0.8876169 0.3636770 0.1685937 0.8030666 0.8136437 0.8944564 0.3105016 1.6476743 1.4016661 0.2183615 0.1359332 0.3296944 0.8960529 0.2208711 0.8941415 0.1358538 0.1365785 0.3029865 1.1046407 0.1400777 0.2682599 0.2195103 1.4058452 0.0000000 0.9693191 0.0414907 0.3271508 0.1712142 0.8600817 0.8138664 0.8185250 0.6759782 0.9479983 1.4296316 1.1886931 0.9294579 1.1311797 
GCF_000147415_1_v_1_0_genomic                         1.0109699 0.9794397 0.9720304 1.0922358 0.9775515 1.1129766 1.0029055 1.0252074 0.9757946 0.9481112 0.9543022 1.0097895 0.9609389 1.6989737 1.4031333 0.9731025 0.9719273 0.9852459 1.0201761 0.9849880 1.0298057 0.9705257 0.9649743 1.0424974 1.1271422 0.9802901 1.0177981 0.9825765 1.4528467 0.9693191 0.0000000 0.9640064 0.9919593 0.9844495 0.9931795 0.9339850 0.9563942 0.9861940 1.0943568 1.4664086 0.9539535 1.0836369 1.1394781 
private_GTX0161_concoct_bin_0                         0.8708887 0.2141571 0.1724798 1.0826440 0.1319015 0.9365880 0.8793858 0.3699660 0.1695966 0.8129849 0.8060176 0.8840282 0.3106858 1.6278386 1.4108464 0.2194931 0.1331797 0.3302569 0.9024035 0.2181067 0.9027427 0.1338933 0.1351076 0.3101515 1.0864386 0.1407341 0.2737271 0.2230055 1.4502607 0.0414907 0.9640064 0.0000000 0.3327505 0.1728683 0.8615224 0.8084942 0.8249531 0.6800947 0.9558614 1.4217526 1.1692919 0.9555179 1.1150930 
private_GTX0163_concoct_bin_46                        0.8885430 0.3450680 0.3307551 1.1128328 0.3346721 0.9779616 0.9083312 0.2737882 0.3311409 0.8358740 0.8311463 0.9109338 0.2234242 1.6529026 1.4287941 0.3472552 0.3331821 0.2500472 0.9208287 0.3504064 0.9282997 0.3339175 0.3355246 0.4400308 1.1390611 0.3355961 0.3922790 0.3490278 1.4445726 0.3271508 0.9919593 0.3327505 0.0000000 0.3345957 0.8904945 0.8464258 0.8553526 0.7082370 0.9840739 1.4346999 1.2061494 0.9499995 1.1669603 
public_SRR7232212_concoct_bin_0                       0.8701570 0.2185433 0.0409784 1.1019066 0.1734953 0.9618689 0.8914444 0.3728619 0.0418099 0.8193806 0.8035198 0.8953520 0.3144212 1.6320739 1.4162071 0.2237043 0.1721142 0.3355556 0.9105443 0.2236568 0.9020197 0.1759544 0.1777010 0.3112999 1.0897165 0.1819444 0.2775782 0.2256940 1.4219125 0.1712142 0.9844495 0.1728683 0.3345957 0.0000000 0.8820602 0.8244665 0.8322118 0.6721453 0.9749586 1.4013579 1.1904840 0.9330336 1.1317552 
public_SRR14722188_concoct_bin_30                     0.1130468 0.8860109 0.8670465 1.1040469 0.8717651 0.9442536 0.1499673 0.9305393 0.8816346 0.4563596 0.4675839 0.2425210 0.8809301 1.6794331 1.4485143 0.8823988 0.8573369 0.8943681 0.2622079 0.8599890 0.2347330 0.8692766 0.8907254 0.9549448 1.1393251 0.8766601 0.9193162 0.8846672 1.4668087 0.8600817 0.9931795 0.8615224 0.8904945 0.8820602 0.0000000 0.4528061 0.4737298 0.9136705 0.9569240 1.4412461 1.2053901 0.9373672 1.1658422 
public_SRR11456919_concoct_bin_22                     0.4619184 0.8231787 0.8269994 1.0787332 0.8129815 0.8814304 0.4770608 0.8836347 0.8194750 0.1209403 0.1726293 0.4748394 0.8301634 1.6668599 1.4267479 0.8239352 0.8217222 0.8380957 0.5070340 0.8244282 0.4749191 0.8080678 0.8203526 0.8974075 1.1069083 0.8124908 0.8761184 0.8313609 1.4354440 0.8138664 0.9339850 0.8084942 0.8464258 0.8244665 0.4528061 0.0000000 0.0334318 0.8509373 0.9091216 1.3845208 1.1878365 0.8876529 1.1045885 
public_SRR13685159_concoct_merged_0                   0.4779969 0.8303267 0.8274942 1.0863052 0.8211110 0.9061671 0.5029647 0.8665978 0.8170268 0.1304769 0.1848146 0.5007163 0.8236310 1.6456899 1.4130482 0.8345073 0.8156652 0.8526860 0.5088609 0.8397247 0.4909426 0.8318447 0.8125091 0.8945760 1.1197258 0.8202987 0.8734897 0.8224124 1.4227779 0.8185250 0.9563942 0.8249531 0.8553526 0.8322118 0.4737298 0.0334318 0.0000000 0.8637705 0.9309672 1.4194547 1.1967107 0.9005789 1.1136680 
GCA_019693375_1_ASM1969337v1_genomic                  0.9010507 0.6840496 0.6913375 1.1163771 0.6819441 0.9849047 0.9278098 0.7221332 0.6968918 0.8674908 0.8645279 0.9224831 0.6912477 1.7148231 1.4408606 0.6951577 0.6864727 0.7213717 0.9476850 0.6994514 0.9238998 0.6996848 0.6848312 0.7741841 1.1521433 0.6909087 0.7541670 0.6971304 1.4774482 0.6759782 0.9861940 0.6800947 0.7082370 0.6721453 0.9136705 0.8509373 0.8637705 0.0000000 1.0040627 1.4642390 1.2142903 0.9802648 1.1691647 
public_ERR4179390_concoct_bin_75                      0.9668724 0.9525222 0.9871504 1.2421194 0.9558567 1.0438122 0.9475408 0.9911357 0.9773657 0.9124160 0.9202448 0.9809976 0.9938833 1.7090230 1.5448478 0.9687672 0.9786849 0.9942662 0.9861958 0.9730226 0.9962027 0.9733684 0.9723465 1.0121774 1.2608280 0.9779204 1.0173230 0.9734227 1.5231166 0.9479983 1.0943568 0.9558614 0.9840739 0.9749586 0.9569240 0.9091216 0.9309672 1.0040627 0.0000000 1.5477166 1.3000424 1.0019857 1.2656593 
GCA_003665715_1_OU_Pico_1_0_genomic                   1.4189546 1.4201206 1.4328967 1.4983645 1.4331374 1.5378954 1.4411645 1.4494164 1.4457189 1.4120947 1.3938158 1.4911774 1.4153720 1.7238335 1.7867932 1.4078099 1.4263481 1.4218044 1.4970433 1.4560474 1.4883479 1.4235567 1.4626790 1.5099167 1.5217798 1.4026664 1.4585604 1.4556086 1.5874121 1.4296316 1.4664086 1.4217526 1.4346999 1.4013579 1.4412461 1.3845208 1.4194547 1.4642390 1.5477166 0.0000000 1.5684392 1.5470412 1.5082839 
GCA_002818215_1_ASM281821v1_genomic                   1.2121822 1.1841938 1.1796333 1.3156238 1.1656661 1.3056518 1.1950048 1.1592936 1.1920528 1.2053486 1.1722812 1.2475676 1.1868888 1.7382321 1.5410899 1.1665238 1.1988389 1.2040874 1.2428153 1.1920700 1.2515821 1.1966005 1.1749128 1.2369580 1.3215081 1.1713023 1.2058234 1.2017346 1.5666479 1.1886931 0.9539535 1.1692919 1.2061494 1.1904840 1.2053901 1.1878365 1.1967107 1.2142903 1.3000424 1.5684392 0.0000000 1.2982450 1.3541811 
public_ERR4179390_concoct_bin_45                      0.9398480 0.9523360 0.9346578 1.1873050 0.9357993 0.4740183 0.9386279 0.9999186 0.9282829 0.8676529 0.8865881 0.9487060 0.9478787 1.7529521 1.4826428 0.9373203 0.9404746 0.9503418 0.9735303 0.9453550 0.9544065 0.9523132 0.9429368 1.0424049 1.2214539 0.9352196 0.9968316 0.9531109 1.5525626 0.9294579 1.0836369 0.9555179 0.9499995 0.9330336 0.9373672 0.8876529 0.9005789 0.9802648 1.0019857 1.5470412 1.2982450 0.0000000 1.2748110 
GCA_006384855_1_TSEL_PacBio_SMRT_genomic              1.1492830 1.1267727 1.1175075 1.1898491 1.1173339 1.3201442 1.1781784 1.1677526 1.1202055 1.0952244 1.1044533 1.2033693 1.1363596 1.7190337 1.4910012 1.1264766 1.1408189 1.1652259 1.2225125 1.1440212 1.2024603 1.1357081 1.1199549 1.1961379 1.2205756 1.1112089 1.2086085 1.1448485 1.4711894 1.1311797 1.1394781 1.1150930 1.1669603 1.1317552 1.1658422 1.1045885 1.1136680 1.1691647 1.2656593 1.5082839 1.3541811 1.2748110 0.0000000 
